Case,Element,Shader,Interpolator,Total Elems,Vis Elems,Total Px,Shaded Px,Geom Time [ms],Raster Time [ms],Save Time [ms],Frame Time [ms],E2E Time [ms],Geom TP [MElem/s],Raster TP [MPx/s],Frame TP [MPx/s],E2E TP [MPx/s]
tri3_nodal_grey_zoom,tri3,nodal_grey,nodal,4050.000000,972.000000,1600000.000000,1600000.000000,4.006231,12.154711,0.000170,16.161112,16.259832,1.010925,131.636203,99.003088,98.402001
tri3_nodal_grey_zoom,tri3,nodal_grey,nodal,4050.000000,972.000000,1600000.000000,1600000.000000,4.003115,12.237070,0.000251,16.240436,16.373740,1.011712,130.750253,98.519523,97.717443
tri3_nodal_grey_zoom,tri3,nodal_grey,nodal,4050.000000,972.000000,1600000.000000,1600000.000000,4.021329,12.148209,0.000351,16.169889,16.267336,1.007130,131.706657,98.949350,98.356609
tri3_nodal_grey_zoom,tri3,nodal_grey,nodal,4050.000000,972.000000,1600000.000000,1600000.000000,4.024795,12.127730,0.000360,16.152885,16.250654,1.006262,131.929058,99.053513,98.457576
tri3_nodal_grey_zoom,tri3,nodal_grey,nodal,4050.000000,972.000000,1600000.000000,1600000.000000,3.998505,12.191733,0.000421,16.190659,16.283036,1.012879,131.236470,98.822414,98.261774
tri3_nodal_grey_zoom,tri3,nodal_grey,nodal,4050.000000,972.000000,1600000.000000,1600000.000000,3.998074,12.112981,0.000691,16.111746,16.204084,1.012988,132.089698,99.306431,98.740540
tri3_nodal_rgb_zoom,tri3,nodal_rgb,nodal,4050.000000,972.000000,1600000.000000,1600000.000000,11.654861,17.376104,0.000281,29.031246,29.136248,0.347494,92.080480,55.113032,54.914415
tri3_nodal_rgb_zoom,tri3,nodal_rgb,nodal,4050.000000,972.000000,1600000.000000,1600000.000000,11.643480,17.363390,0.000290,29.007160,29.112051,0.347834,92.147904,55.158795,54.960058
tri3_nodal_rgb_zoom,tri3,nodal_rgb,nodal,4050.000000,972.000000,1600000.000000,1600000.000000,11.726749,17.444886,0.000391,29.172026,29.275435,0.345364,91.717424,54.847065,54.653330
tri3_nodal_rgb_zoom,tri3,nodal_rgb,nodal,4050.000000,972.000000,1600000.000000,1600000.000000,11.694858,17.287494,0.000490,28.982842,29.096251,0.346306,92.552454,55.205076,54.989902
tri3_nodal_rgb_zoom,tri3,nodal_rgb,nodal,4050.000000,972.000000,1600000.000000,1600000.000000,11.806062,17.288566,0.000361,29.094989,29.199829,0.343044,92.546716,54.992288,54.794841
tri3_nodal_rgb_zoom,tri3,nodal_rgb,nodal,4050.000000,972.000000,1600000.000000,1600000.000000,11.946081,17.298926,0.000361,29.245368,29.355308,0.339023,92.491291,54.709518,54.504623
tri3_tex8_grey_linear_direct_zoom,tri3,tex8_grey,linear,4050.000000,972.000000,1600000.000000,1600000.000000,4.022210,25.322747,0.000391,29.345348,29.556184,1.006909,63.184298,54.523122,54.134187
tri3_tex8_grey_cubic_catmull_rom_lut_lerp_zoom,tri3,tex8_grey,cubic_catmull_rom,4050.000000,972.000000,1600000.000000,1600000.000000,4.040947,41.894086,0.000300,45.935333,46.143272,1.002240,38.191548,34.831575,34.674611
tri3_tex8_grey_cubic_mitchell_netravali_lut_lerp_zoom,tri3,tex8_grey,cubic_mitchell_netravali,4050.000000,972.000000,1600000.000000,1600000.000000,4.027230,41.831977,0.000401,45.859608,46.059681,1.005654,38.248252,34.889090,34.737540
tri3_tex8_grey_lanczos3_lut_lerp_zoom,tri3,tex8_grey,lanczos3,4050.000000,972.000000,1600000.000000,1600000.000000,4.038452,53.565339,0.000421,57.604212,57.811790,1.002860,29.870062,27.775747,27.676016
tri3_tex8_grey_cubic_bspline_lut_lerp_zoom,tri3,tex8_grey,cubic_bspline,4050.000000,972.000000,1600000.000000,1600000.000000,4.002473,41.618646,0.000301,45.621420,45.821795,1.011874,38.444307,35.071245,34.917881
tri3_tex8_grey_quintic_bspline_lut_lerp_zoom,tri3,tex8_grey,quintic_bspline,4050.000000,972.000000,1600000.000000,1600000.000000,4.029114,53.682453,0.000601,57.712168,57.911029,1.005184,29.804897,27.723790,27.628589
tri3_tex8_rgb_linear_direct_zoom,tri3,tex8_rgb,linear,4050.000000,972.000000,1600000.000000,1600000.000000,11.689597,34.145151,0.000381,45.835129,46.043550,0.346462,46.858777,34.907723,34.749710
tri3_tex8_rgb_cubic_catmull_rom_lut_lerp_zoom,tri3,tex8_rgb,cubic_catmull_rom,4050.000000,972.000000,1600000.000000,1600000.000000,11.588274,58.733558,0.000461,70.322293,70.539229,0.349491,27.241667,22.752387,22.682414
tri3_tex8_rgb_cubic_mitchell_netravali_lut_lerp_zoom,tri3,tex8_rgb,cubic_mitchell_netravali,4050.000000,972.000000,1600000.000000,1600000.000000,11.669961,57.279938,0.000251,68.950150,69.173388,0.347045,27.932991,23.205171,23.130282
tri3_tex8_rgb_lanczos3_lut_lerp_zoom,tri3,tex8_rgb,lanczos3,4050.000000,972.000000,1600000.000000,1600000.000000,11.656986,84.559099,0.000301,96.216386,96.429414,0.347431,18.921677,16.629184,16.592448
tri3_tex8_rgb_cubic_bspline_lut_lerp_zoom,tri3,tex8_rgb,cubic_bspline,4050.000000,972.000000,1600000.000000,1600000.000000,11.661553,57.282462,0.000271,68.944286,69.161824,0.347295,27.931760,23.207144,23.134150
tri3_tex8_rgb_quintic_bspline_lut_lerp_zoom,tri3,tex8_rgb,quintic_bspline,4050.000000,972.000000,1600000.000000,1600000.000000,11.616307,84.907176,0.000371,96.523854,96.733215,0.348648,18.844108,16.576213,16.540337
tri3_texfunc_grey_param_constant_zoom,tri3,texfunc_grey,constant,4050.000000,972.000000,1600000.000000,1600000.000000,3.978186,13.668457,0.000561,17.647204,17.740412,1.018052,117.057836,90.665921,90.189563
tri3_texfunc_grey_uv_constant_zoom,tri3,texfunc_grey,constant,4050.000000,972.000000,1600000.000000,1600000.000000,4.005469,13.989212,0.000421,17.995102,18.203892,1.011118,114.373848,88.913083,87.893292
tri3_texfunc_grey_param_sinusoidal_zoom,tri3,texfunc_grey,sinusoidal,4050.000000,972.000000,1600000.000000,1600000.000000,4.089689,35.796890,0.000271,39.886850,39.979559,0.990295,44.696620,40.113471,40.020451
tri3_texfunc_grey_uv_sinusoidal_zoom,tri3,texfunc_grey,sinusoidal,4050.000000,972.000000,1600000.000000,1600000.000000,4.050054,34.326428,0.000301,38.376783,38.586414,0.999987,46.611317,41.691874,41.465372
tri3_texfunc_rgb_param_constant_zoom,tri3,texfunc_rgb,constant,4050.000000,972.000000,1600000.000000,1600000.000000,11.610135,22.745899,0.000621,34.356655,34.452510,0.348833,70.342351,46.570308,46.440738
tri3_texfunc_rgb_uv_constant_zoom,tri3,texfunc_rgb,constant,4050.000000,972.000000,1600000.000000,1600000.000000,11.685009,23.048550,0.000441,34.734000,34.944284,0.346598,69.418684,46.064375,45.787174
tri3_texfunc_rgb_param_sinusoidal_zoom,tri3,texfunc_rgb,sinusoidal,4050.000000,972.000000,1600000.000000,1600000.000000,11.651103,64.684708,0.000460,76.336271,76.434661,0.347607,24.735367,20.959892,20.932912
tri3_texfunc_rgb_uv_sinusoidal_zoom,tri3,texfunc_rgb,sinusoidal,4050.000000,972.000000,1600000.000000,1600000.000000,11.674970,57.089790,0.000251,68.765011,68.991294,0.346896,28.026027,23.267647,23.191332
tri6_nodal_grey_zoom,tri6,nodal_grey,nodal,6075.000000,1524.000000,1600000.000000,2401562.000000,4.703197,86.183703,0.000191,90.887091,91.070984,1.291675,18.564995,17.604260,17.568713
tri6_nodal_grey_zoom,tri6,nodal_grey,nodal,6075.000000,1524.000000,1600000.000000,2401562.000000,4.700431,86.208199,0.000561,90.909191,91.142861,1.292435,18.559720,17.599981,17.554858
tri6_nodal_grey_zoom,tri6,nodal_grey,nodal,6075.000000,1524.000000,1600000.000000,2401562.000000,4.685804,86.406760,0.000351,91.092915,91.278511,1.296469,18.517070,17.564483,17.528770
tri6_nodal_grey_zoom,tri6,nodal_grey,nodal,6075.000000,1524.000000,1600000.000000,2401562.000000,4.687256,86.346614,0.000140,91.034010,91.216652,1.296067,18.529968,17.575849,17.540657
tri6_nodal_grey_zoom,tri6,nodal_grey,nodal,6075.000000,1524.000000,1600000.000000,2401562.000000,4.719609,86.205372,0.000280,90.925261,91.137309,1.287183,18.560328,17.596870,17.555928
tri6_nodal_grey_zoom,tri6,nodal_grey,nodal,6075.000000,1524.000000,1600000.000000,2401562.000000,4.713056,86.262352,0.000351,90.975759,91.178618,1.288973,18.548068,17.587103,17.547974
tri6_nodal_rgb_zoom,tri6,nodal_rgb,nodal,6075.000000,1524.000000,1600000.000000,2401562.000000,12.903106,92.828274,0.000471,105.731851,105.941273,0.470817,17.236128,15.132621,15.102707
tri6_nodal_rgb_zoom,tri6,nodal_rgb,nodal,6075.000000,1524.000000,1600000.000000,2401562.000000,12.336679,92.826439,0.000260,105.163378,105.360828,0.492434,17.236469,15.214422,15.185910
tri6_nodal_rgb_zoom,tri6,nodal_rgb,nodal,6075.000000,1524.000000,1600000.000000,2401562.000000,12.347370,92.666091,0.000271,105.013732,105.203354,0.492008,17.266294,15.236103,15.208641
tri6_nodal_rgb_zoom,tri6,nodal_rgb,nodal,6075.000000,1524.000000,1600000.000000,2401562.000000,12.306732,92.273457,0.000250,104.580439,104.780983,0.493632,17.339764,15.299228,15.269946
tri6_nodal_rgb_zoom,tri6,nodal_rgb,nodal,6075.000000,1524.000000,1600000.000000,2401562.000000,12.442972,92.529297,0.000150,104.972419,105.166172,0.488227,17.291821,15.242099,15.214018
tri6_nodal_rgb_zoom,tri6,nodal_rgb,nodal,6075.000000,1524.000000,1600000.000000,2401562.000000,12.349372,92.216857,0.000261,104.566490,104.758830,0.491928,17.350407,15.301269,15.273176
tri6_tex8_grey_linear_direct_zoom,tri6,tex8_grey,linear,6075.000000,1524.000000,1600000.000000,2401562.000000,4.701885,98.172677,0.000261,102.874823,103.415050,1.292035,16.297814,15.552882,15.471636
tri6_tex8_grey_cubic_catmull_rom_lut_lerp_zoom,tri6,tex8_grey,cubic_catmull_rom,6075.000000,1524.000000,1600000.000000,2401562.000000,4.663751,124.440854,0.000160,129.104765,129.621358,1.302600,12.857514,12.393036,12.343645
tri6_tex8_grey_cubic_mitchell_netravali_lut_lerp_zoom,tri6,tex8_grey,cubic_mitchell_netravali,6075.000000,1524.000000,1600000.000000,2401562.000000,4.678981,124.349378,0.000261,129.028620,129.545050,1.298360,12.866972,12.400350,12.350916
tri6_tex8_grey_lanczos3_lut_lerp_zoom,tri6,tex8_grey,lanczos3,6075.000000,1524.000000,1600000.000000,2401562.000000,4.645396,141.933918,0.000311,146.579625,147.106947,1.307746,11.272852,10.915569,10.876441
tri6_tex8_grey_cubic_bspline_lut_lerp_zoom,tri6,tex8_grey,cubic_bspline,6075.000000,1524.000000,1600000.000000,2401562.000000,4.672467,124.385766,0.000301,129.058534,129.582390,1.300170,12.863208,12.397475,12.347357
tri6_tex8_grey_quintic_bspline_lut_lerp_zoom,tri6,tex8_grey,quintic_bspline,6075.000000,1524.000000,1600000.000000,2401562.000000,4.656929,141.934276,0.000311,146.591516,147.116252,1.304508,11.272823,10.914683,10.875753
tri6_tex8_rgb_linear_direct_zoom,tri6,tex8_rgb,linear,6075.000000,1524.000000,1600000.000000,2401562.000000,12.237097,109.869743,0.000250,122.107090,122.645975,0.496441,14.562699,13.103252,13.045679
tri6_tex8_rgb_cubic_catmull_rom_lut_lerp_zoom,tri6,tex8_rgb,cubic_catmull_rom,6075.000000,1524.000000,1600000.000000,2401562.000000,12.396794,146.995629,0.000291,159.392714,159.930023,0.490046,10.884677,10.038100,10.004375
tri6_tex8_rgb_cubic_mitchell_netravali_lut_lerp_zoom,tri6,tex8_rgb,cubic_mitchell_netravali,6075.000000,1524.000000,1600000.000000,2401562.000000,12.358980,145.452756,0.000481,157.812217,158.335651,0.491545,11.000135,10.138632,10.105115
tri6_tex8_rgb_lanczos3_lut_lerp_zoom,tri6,tex8_rgb,lanczos3,6075.000000,1524.000000,1600000.000000,2401562.000000,12.413816,186.864525,0.000170,199.278511,199.834989,0.489374,8.562353,8.028964,8.006606
tri6_tex8_rgb_cubic_bspline_lut_lerp_zoom,tri6,tex8_rgb,cubic_bspline,6075.000000,1524.000000,1600000.000000,2401562.000000,12.320767,145.654921,0.000301,157.975989,158.524902,0.493070,10.984867,10.128121,10.093052
tri6_tex8_rgb_quintic_bspline_lut_lerp_zoom,tri6,tex8_rgb,quintic_bspline,6075.000000,1524.000000,1600000.000000,2401562.000000,12.292964,187.788014,0.000311,200.081289,200.617587,0.494185,8.520246,7.996750,7.975373
tri6_texfunc_grey_param_constant_zoom,tri6,texfunc_grey,constant,6075.000000,1524.000000,1600000.000000,2401562.000000,4.616240,90.329255,0.000321,94.945816,95.120971,1.316006,17.712977,16.851717,16.820686
tri6_texfunc_grey_uv_constant_zoom,tri6,texfunc_grey,constant,6075.000000,1524.000000,1600000.000000,2401562.000000,4.667698,91.128499,0.000361,95.796558,96.322157,1.301498,17.557625,16.702061,16.610924
tri6_texfunc_grey_param_sinusoidal_zoom,tri6,texfunc_grey,sinusoidal,6075.000000,1524.000000,1600000.000000,2401562.000000,4.708427,122.766007,0.000230,127.474664,127.657516,1.290240,13.032924,12.551514,12.533535
tri6_texfunc_grey_uv_sinusoidal_zoom,tri6,texfunc_grey,sinusoidal,6075.000000,1524.000000,1600000.000000,2401562.000000,4.693338,120.820203,0.000331,125.513872,126.028518,1.294388,13.242818,12.747595,12.695539
tri6_texfunc_rgb_param_constant_zoom,tri6,texfunc_rgb,constant,6075.000000,1524.000000,1600000.000000,2401562.000000,12.232056,99.936301,0.000400,112.168757,112.356358,0.496646,16.010198,14.264222,14.240405
tri6_texfunc_rgb_uv_constant_zoom,tri6,texfunc_rgb,constant,6075.000000,1524.000000,1600000.000000,2401562.000000,12.305496,100.811189,0.000381,113.117066,113.632957,0.493682,15.871254,14.144638,14.080422
tri6_texfunc_rgb_param_sinusoidal_zoom,tri6,texfunc_rgb,sinusoidal,6075.000000,1524.000000,1600000.000000,2401562.000000,12.258646,159.076342,0.000361,171.335349,171.522237,0.495569,10.058064,9.338412,9.328237
tri6_texfunc_rgb_uv_sinusoidal_zoom,tri6,texfunc_rgb,sinusoidal,6075.000000,1524.000000,1600000.000000,2401562.000000,12.457800,149.869381,0.000511,162.327692,162.851155,0.487646,10.675963,9.856605,9.824923
quad4ibi_nodal_grey_zoom,quad4ibi,nodal_grey,nodal,2025.000000,613.000000,1600000.000000,1600000.000000,4.041826,49.552781,0.000171,53.594778,53.694851,0.501011,32.288803,29.853655,29.798015
quad4ibi_nodal_grey_zoom,quad4ibi,nodal_grey,nodal,2025.000000,613.000000,1600000.000000,1600000.000000,4.041166,49.591706,0.000151,53.633023,53.724748,0.501093,32.263460,29.832367,29.781433
quad4ibi_nodal_grey_zoom,quad4ibi,nodal_grey,nodal,2025.000000,613.000000,1600000.000000,1600000.000000,4.012640,49.559785,0.000260,53.572685,53.670794,0.504655,32.284240,29.865966,29.811372
quad4ibi_nodal_grey_zoom,quad4ibi,nodal_grey,nodal,2025.000000,613.000000,1600000.000000,1600000.000000,4.025264,49.664025,0.000291,53.689580,53.786526,0.503073,32.216479,29.800941,29.747227
quad4ibi_nodal_grey_zoom,quad4ibi,nodal_grey,nodal,2025.000000,613.000000,1600000.000000,1600000.000000,4.120358,49.708129,0.000371,53.828858,53.926555,0.491462,32.187894,29.723833,29.669984
quad4ibi_nodal_grey_zoom,quad4ibi,nodal_grey,nodal,2025.000000,613.000000,1600000.000000,1600000.000000,4.141548,49.392092,0.000401,53.534041,53.635236,0.488948,32.393850,29.887525,29.831136
quad4ibi_nodal_rgb_zoom,quad4ibi,nodal_rgb,nodal,2025.000000,613.000000,1600000.000000,1600000.000000,11.836216,59.690718,0.000321,71.527255,71.622336,0.171085,26.804838,22.369096,22.339400
quad4ibi_nodal_rgb_zoom,quad4ibi,nodal_rgb,nodal,2025.000000,613.000000,1600000.000000,1600000.000000,11.906400,59.957580,0.000631,71.864611,71.968240,0.170077,26.685533,22.264088,22.232029
quad4ibi_nodal_rgb_zoom,quad4ibi,nodal_rgb,nodal,2025.000000,613.000000,1600000.000000,1600000.000000,13.369548,62.419423,0.000401,75.789372,75.896188,0.151464,25.633047,21.111139,21.081428
quad4ibi_nodal_rgb_zoom,quad4ibi,nodal_rgb,nodal,2025.000000,613.000000,1600000.000000,1600000.000000,11.873627,61.651219,0.000581,73.525427,73.637182,0.170546,25.952447,21.761179,21.728154
quad4ibi_nodal_rgb_zoom,quad4ibi,nodal_rgb,nodal,2025.000000,613.000000,1600000.000000,1600000.000000,12.290518,62.730851,0.000361,75.021730,75.148252,0.164761,25.505791,21.327154,21.291247
quad4ibi_nodal_rgb_zoom,quad4ibi,nodal_rgb,nodal,2025.000000,613.000000,1600000.000000,1600000.000000,12.199593,63.178400,0.000390,75.378383,75.489767,0.165989,25.325111,21.226245,21.194926
quad4ibi_tex8_grey_linear_direct_zoom,quad4ibi,tex8_grey,linear,2025.000000,613.000000,1600000.000000,1600000.000000,4.241851,58.301490,0.000752,62.544093,62.795324,0.477386,27.443552,25.581952,25.479604
quad4ibi_tex8_grey_cubic_catmull_rom_lut_lerp_zoom,quad4ibi,tex8_grey,cubic_catmull_rom,2025.000000,613.000000,1600000.000000,1600000.000000,4.320992,93.402894,0.000490,97.724376,97.911817,0.468642,17.130090,16.372578,16.341235
quad4ibi_tex8_grey_cubic_mitchell_netravali_lut_lerp_zoom,quad4ibi,tex8_grey,cubic_mitchell_netravali,2025.000000,613.000000,1600000.000000,1600000.000000,4.223135,93.462769,0.000571,97.686475,97.878033,0.479502,17.119116,16.378931,16.346875
quad4ibi_tex8_grey_lanczos3_lut_lerp_zoom,quad4ibi,tex8_grey,lanczos3,2025.000000,613.000000,1600000.000000,1600000.000000,4.265236,109.544251,0.000370,113.809857,113.998960,0.474769,14.605970,14.058536,14.035216
quad4ibi_tex8_grey_cubic_bspline_lut_lerp_zoom,quad4ibi,tex8_grey,cubic_bspline,2025.000000,613.000000,1600000.000000,1600000.000000,4.227273,91.988629,0.000461,96.216363,96.404483,0.479032,17.393454,16.629188,16.596739
quad4ibi_tex8_grey_quintic_bspline_lut_lerp_zoom,quad4ibi,tex8_grey,quintic_bspline,2025.000000,613.000000,1600000.000000,1600000.000000,4.416055,109.673929,0.000381,114.090365,114.271994,0.458554,14.588700,14.023971,14.001681
quad4ibi_tex8_rgb_linear_direct_zoom,quad4ibi,tex8_rgb,linear,2025.000000,613.000000,1600000.000000,1600000.000000,12.202138,69.118246,0.000280,81.320664,81.516460,0.165955,23.148736,19.675196,19.627938
quad4ibi_tex8_rgb_cubic_catmull_rom_lut_lerp_zoom,quad4ibi,tex8_rgb,cubic_catmull_rom,2025.000000,613.000000,1600000.000000,1600000.000000,12.810175,110.764641,0.000491,123.575307,123.769178,0.158077,14.445043,12.947571,12.927290
quad4ibi_tex8_rgb_cubic_mitchell_netravali_lut_lerp_zoom,quad4ibi,tex8_rgb,cubic_mitchell_netravali,2025.000000,613.000000,1600000.000000,1600000.000000,12.215212,110.659088,0.000371,122.874671,123.058443,0.165777,14.458821,13.021398,13.001952
quad4ibi_tex8_rgb_lanczos3_lut_lerp_zoom,quad4ibi,tex8_rgb,lanczos3,2025.000000,613.000000,1600000.000000,1600000.000000,12.343038,136.637493,0.000501,148.981032,149.170395,0.164060,11.709817,10.739622,10.725989
quad4ibi_tex8_rgb_cubic_bspline_lut_lerp_zoom,quad4ibi,tex8_rgb,cubic_bspline,2025.000000,613.000000,1600000.000000,1600000.000000,12.853076,109.358120,0.000411,122.211607,122.400670,0.157550,14.630829,13.092046,13.071824
quad4ibi_tex8_rgb_quintic_bspline_lut_lerp_zoom,quad4ibi,tex8_rgb,quintic_bspline,2025.000000,613.000000,1600000.000000,1600000.000000,13.403312,137.144094,0.000410,150.547816,150.734635,0.151082,11.666561,10.627853,10.614681
quad4ibi_texfunc_grey_param_constant_zoom,quad4ibi,texfunc_grey,constant,2025.000000,613.000000,1600000.000000,1600000.000000,4.200821,50.637889,0.001162,54.839872,54.994519,0.482049,31.596894,29.175852,29.093808
quad4ibi_texfunc_grey_uv_constant_zoom,quad4ibi,texfunc_grey,constant,2025.000000,613.000000,1600000.000000,1600000.000000,4.283720,55.726535,0.000521,60.010776,60.201522,0.472720,28.711636,26.661878,26.577401
quad4ibi_texfunc_grey_param_sinusoidal_zoom,quad4ibi,texfunc_grey,sinusoidal,2025.000000,613.000000,1600000.000000,1600000.000000,4.241079,77.393305,0.000451,81.634835,81.746189,0.477473,20.673623,19.599476,19.572778
quad4ibi_texfunc_grey_uv_sinusoidal_zoom,quad4ibi,texfunc_grey,sinusoidal,2025.000000,613.000000,1600000.000000,1600000.000000,4.386388,79.808570,0.000521,84.195479,84.389060,0.461655,20.047972,19.003396,18.959804
quad4ibi_texfunc_rgb_param_constant_zoom,quad4ibi,texfunc_rgb,constant,2025.000000,613.000000,1600000.000000,1600000.000000,12.713378,57.513243,0.000611,70.227232,70.331722,0.159281,27.819680,22.783185,22.749336
quad4ibi_texfunc_rgb_uv_constant_zoom,quad4ibi,texfunc_rgb,constant,2025.000000,613.000000,1600000.000000,1600000.000000,12.181176,61.635673,0.000381,73.817230,74.011915,0.166240,25.958993,21.675156,21.618141
quad4ibi_texfunc_rgb_param_sinusoidal_zoom,quad4ibi,texfunc_rgb,sinusoidal,2025.000000,613.000000,1600000.000000,1600000.000000,12.204341,100.308961,0.000421,112.513723,112.619826,0.165925,15.950719,14.220488,14.207090
quad4ibi_texfunc_rgb_uv_sinusoidal_zoom,quad4ibi,texfunc_rgb,sinusoidal,2025.000000,613.000000,1600000.000000,1600000.000000,13.008114,95.979181,0.000642,108.987937,109.228347,0.155672,16.670282,14.680524,14.648212
quad4newton_nodal_grey_zoom,quad4newton,nodal_grey,nodal,2025.000000,613.000000,1600000.000000,1600000.000000,4.236911,34.513503,0.000210,38.750624,38.857820,0.477943,46.358667,41.289658,41.175753
quad4newton_nodal_grey_zoom,quad4newton,nodal_grey,nodal,2025.000000,613.000000,1600000.000000,1600000.000000,4.346682,34.413140,0.000310,38.760132,38.864634,0.465873,46.493868,41.279529,41.168534
quad4newton_nodal_grey_zoom,quad4newton,nodal_grey,nodal,2025.000000,613.000000,1600000.000000,1600000.000000,4.845058,34.680724,0.000390,39.526172,39.636525,0.417952,46.135138,40.479508,40.366808
quad4newton_nodal_grey_zoom,quad4newton,nodal_grey,nodal,2025.000000,613.000000,1600000.000000,1600000.000000,4.289772,34.406207,0.000481,38.696460,38.806572,0.472053,46.503237,41.347451,41.230130
quad4newton_nodal_grey_zoom,quad4newton,nodal_grey,nodal,2025.000000,613.000000,1600000.000000,1600000.000000,4.265645,34.308911,0.000360,38.574916,38.688816,0.474723,46.635115,41.477731,41.355621
quad4newton_nodal_grey_zoom,quad4newton,nodal_grey,nodal,2025.000000,613.000000,1600000.000000,1600000.000000,4.264784,34.548561,0.000451,38.813796,38.923056,0.474819,46.311625,41.222456,41.106741
quad4newton_nodal_rgb_zoom,quad4newton,nodal_rgb,nodal,2025.000000,613.000000,1600000.000000,1600000.000000,12.273153,40.564375,0.000992,52.838520,52.984429,0.164994,39.443477,30.280939,30.197551
quad4newton_nodal_rgb_zoom,quad4newton,nodal_rgb,nodal,2025.000000,613.000000,1600000.000000,1600000.000000,12.960923,39.786212,0.000431,52.747566,52.854110,0.156239,40.214937,30.333153,30.272007
quad4newton_nodal_rgb_zoom,quad4newton,nodal_rgb,nodal,2025.000000,613.000000,1600000.000000,1600000.000000,13.126730,40.420338,0.000401,53.547469,53.698500,0.154265,39.584033,29.880030,29.795991
quad4newton_nodal_rgb_zoom,quad4newton,nodal_rgb,nodal,2025.000000,613.000000,1600000.000000,1600000.000000,12.252152,40.278787,0.000962,52.531901,52.644326,0.165277,39.723143,30.457683,30.392639
quad4newton_nodal_rgb_zoom,quad4newton,nodal_rgb,nodal,2025.000000,613.000000,1600000.000000,1600000.000000,13.022692,40.174737,0.000300,53.197729,53.321416,0.155498,39.826023,30.076472,30.006705
quad4newton_nodal_rgb_zoom,quad4newton,nodal_rgb,nodal,2025.000000,613.000000,1600000.000000,1600000.000000,12.230832,39.862137,0.001072,52.094041,52.258486,0.165565,40.138340,30.713686,30.617037
quad4newton_tex8_grey_linear_direct_zoom,quad4newton,tex8_grey,linear,2025.000000,613.000000,1600000.000000,1600000.000000,4.721139,42.352837,0.000281,47.074257,47.310550,0.428922,37.777871,33.988853,33.819095
quad4newton_tex8_grey_cubic_catmull_rom_lut_lerp_zoom,quad4newton,tex8_grey,cubic_catmull_rom,2025.000000,613.000000,1600000.000000,1600000.000000,4.091091,57.564929,0.000260,61.656280,61.825926,0.494978,27.794701,25.950317,25.879111
quad4newton_tex8_grey_cubic_mitchell_netravali_lut_lerp_zoom,quad4newton,tex8_grey,cubic_mitchell_netravali,2025.000000,613.000000,1600000.000000,1600000.000000,4.245408,59.227349,0.000411,63.473168,63.645348,0.476986,27.014547,25.207502,25.139308
quad4newton_tex8_grey_lanczos3_lut_lerp_zoom,quad4newton,tex8_grey,lanczos3,2025.000000,613.000000,1600000.000000,1600000.000000,4.424992,72.686858,0.000401,77.112251,77.308698,0.457628,22.012232,20.748973,20.696248
quad4newton_tex8_grey_cubic_bspline_lut_lerp_zoom,quad4newton,tex8_grey,cubic_bspline,2025.000000,613.000000,1600000.000000,1600000.000000,4.559320,60.616404,0.000310,65.176034,65.370147,0.444145,26.395495,24.548901,24.476004
quad4newton_tex8_grey_quintic_bspline_lut_lerp_zoom,quad4newton,tex8_grey,quintic_bspline,2025.000000,613.000000,1600000.000000,1600000.000000,4.229106,71.325966,0.000180,75.555252,75.738103,0.478825,22.432223,21.176556,21.125430
quad4newton_tex8_rgb_linear_direct_zoom,quad4newton,tex8_rgb,linear,2025.000000,613.000000,1600000.000000,1600000.000000,11.733126,53.853646,0.000310,65.587082,65.774873,0.172588,29.710152,24.395048,24.325399
quad4newton_tex8_rgb_cubic_catmull_rom_lut_lerp_zoom,quad4newton,tex8_rgb,cubic_catmull_rom,2025.000000,613.000000,1600000.000000,1600000.000000,13.864296,77.569256,0.000281,91.433833,91.629358,0.146059,20.626729,17.498993,17.461652
quad4newton_tex8_rgb_cubic_mitchell_netravali_lut_lerp_zoom,quad4newton,tex8_rgb,cubic_mitchell_netravali,2025.000000,613.000000,1600000.000000,1600000.000000,11.784655,73.274434,0.000451,85.059540,85.239966,0.171834,21.835720,18.810353,18.770538
quad4newton_tex8_rgb_lanczos3_lut_lerp_zoom,quad4newton,tex8_rgb,lanczos3,2025.000000,613.000000,1600000.000000,1600000.000000,11.911839,101.174625,0.000250,113.086714,113.276498,0.169999,15.814242,14.148435,14.124730
quad4newton_tex8_rgb_cubic_bspline_lut_lerp_zoom,quad4newton,tex8_rgb,cubic_bspline,2025.000000,613.000000,1600000.000000,1600000.000000,11.739629,77.996275,0.000470,89.736374,89.921870,0.172493,20.513800,17.830005,17.793224
quad4newton_tex8_rgb_quintic_bspline_lut_lerp_zoom,quad4newton,tex8_rgb,quintic_bspline,2025.000000,613.000000,1600000.000000,1600000.000000,12.287851,107.691299,0.000280,119.979430,120.174996,0.164797,14.857282,13.335619,13.313918
quad4newton_texfunc_grey_param_constant_zoom,quad4newton,texfunc_grey,constant,2025.000000,613.000000,1600000.000000,1600000.000000,4.232291,37.615764,0.000370,41.848425,41.953218,0.478464,42.535358,38.233219,38.137718
quad4newton_texfunc_grey_uv_constant_zoom,quad4newton,texfunc_grey,constant,2025.000000,613.000000,1600000.000000,1600000.000000,4.239115,36.751465,0.000361,40.990941,41.174584,0.477694,43.535679,39.033015,38.858923
quad4newton_texfunc_grey_param_sinusoidal_zoom,quad4newton,texfunc_grey,sinusoidal,2025.000000,613.000000,1600000.000000,1600000.000000,4.238634,68.813954,0.000360,73.052948,73.157909,0.477748,23.251098,21.901922,21.870499
quad4newton_texfunc_grey_uv_sinusoidal_zoom,quad4newton,texfunc_grey,sinusoidal,2025.000000,613.000000,1600000.000000,1600000.000000,4.516337,60.216595,0.000411,64.733343,64.921744,0.448372,26.570748,24.716783,24.645056
quad4newton_texfunc_rgb_param_constant_zoom,quad4newton,texfunc_rgb,constant,2025.000000,613.000000,1600000.000000,1600000.000000,12.262781,46.587099,0.000431,58.850311,58.958290,0.165134,34.344272,27.187622,27.137829
quad4newton_texfunc_rgb_uv_constant_zoom,quad4newton,texfunc_rgb,constant,2025.000000,613.000000,1600000.000000,1600000.000000,11.769736,44.952844,0.000361,56.722941,56.908356,0.172051,35.592854,28.207282,28.115379
quad4newton_texfunc_rgb_param_sinusoidal_zoom,quad4newton,texfunc_rgb,sinusoidal,2025.000000,613.000000,1600000.000000,1600000.000000,12.295405,95.497287,0.000331,107.793023,107.896531,0.164696,16.754403,14.843261,14.829022
quad4newton_texfunc_rgb_uv_sinusoidal_zoom,quad4newton,texfunc_rgb,sinusoidal,2025.000000,613.000000,1600000.000000,1600000.000000,12.430052,83.833744,0.000862,96.264658,96.462509,0.162912,19.085394,16.620845,16.586755
quad8_nodal_grey_zoom,quad8,nodal_grey,nodal,2025.000000,613.000000,1600000.000000,1600000.000000,4.613744,63.010976,0.000662,67.625382,67.810085,0.438906,25.392401,23.659755,23.595310
quad8_nodal_grey_zoom,quad8,nodal_grey,nodal,2025.000000,613.000000,1600000.000000,1600000.000000,4.638211,64.540110,0.000390,69.178711,69.361663,0.436591,24.790785,23.128503,23.067498
quad8_nodal_grey_zoom,quad8,nodal_grey,nodal,2025.000000,613.000000,1600000.000000,1600000.000000,4.557887,60.894414,0.000291,65.452592,65.630543,0.444285,26.274988,24.445174,24.378893
quad8_nodal_grey_zoom,quad8,nodal_grey,nodal,2025.000000,613.000000,1600000.000000,1600000.000000,4.389843,59.779244,0.000171,64.169258,64.345226,0.461292,26.765143,24.934058,24.865870
quad8_nodal_grey_zoom,quad8,nodal_grey,nodal,2025.000000,613.000000,1600000.000000,1600000.000000,4.625226,61.607322,0.000181,66.232729,66.415749,0.437816,25.970939,24.157241,24.090672
quad8_nodal_grey_zoom,quad8,nodal_grey,nodal,2025.000000,613.000000,1600000.000000,1600000.000000,4.465158,59.834771,0.000260,64.300189,64.470566,0.453511,26.740305,24.883286,24.817527
quad8_nodal_rgb_zoom,quad8,nodal_rgb,nodal,2025.000000,613.000000,1600000.000000,1600000.000000,12.654103,68.662229,0.000370,81.316702,81.492671,0.160027,23.302477,19.676155,19.633667
quad8_nodal_rgb_zoom,quad8,nodal_rgb,nodal,2025.000000,613.000000,1600000.000000,1600000.000000,12.841792,68.552689,0.000340,81.394821,81.580980,0.157688,23.339712,19.657270,19.612415
quad8_nodal_rgb_zoom,quad8,nodal_rgb,nodal,2025.000000,613.000000,1600000.000000,1600000.000000,12.222705,65.143567,0.000311,77.366583,77.550315,0.165675,24.561136,20.680763,20.631767
quad8_nodal_rgb_zoom,quad8,nodal_rgb,nodal,2025.000000,613.000000,1600000.000000,1600000.000000,12.318769,65.667583,0.000381,77.986733,78.176015,0.164383,24.365142,20.516310,20.466635
quad8_nodal_rgb_zoom,quad8,nodal_rgb,nodal,2025.000000,613.000000,1600000.000000,1600000.000000,12.228376,65.156241,0.000271,77.384888,77.567437,0.165598,24.556358,20.675871,20.627212
quad8_nodal_rgb_zoom,quad8,nodal_rgb,nodal,2025.000000,613.000000,1600000.000000,1600000.000000,12.259506,65.121684,0.000410,77.381600,77.562638,0.165178,24.569389,20.676750,20.628489
quad8_tex8_grey_linear_direct_zoom,quad8,tex8_grey,linear,2025.000000,613.000000,1600000.000000,1600000.000000,4.828335,71.607700,0.000411,76.436446,76.798842,0.419399,22.343966,20.932423,20.833647
quad8_tex8_grey_cubic_catmull_rom_lut_lerp_zoom,quad8,tex8_grey,cubic_catmull_rom,2025.000000,613.000000,1600000.000000,1600000.000000,4.875314,90.205157,0.000281,95.080752,95.461314,0.415358,17.737345,16.827801,16.760716
quad8_tex8_grey_cubic_mitchell_netravali_lut_lerp_zoom,quad8,tex8_grey,cubic_mitchell_netravali,2025.000000,613.000000,1600000.000000,1600000.000000,4.455881,85.242835,0.000270,89.698986,90.025622,0.454456,18.769906,17.837437,17.772718
quad8_tex8_grey_lanczos3_lut_lerp_zoom,quad8,tex8_grey,lanczos3,2025.000000,613.000000,1600000.000000,1600000.000000,4.794280,103.656389,0.000601,108.451270,108.831490,0.422378,15.435614,14.753170,14.701627
quad8_tex8_grey_cubic_bspline_lut_lerp_zoom,quad8,tex8_grey,cubic_bspline,2025.000000,613.000000,1600000.000000,1600000.000000,4.495727,90.921882,0.000461,95.418070,95.766949,0.450428,17.597524,16.768312,16.707225
quad8_tex8_grey_quintic_bspline_lut_lerp_zoom,quad8,tex8_grey,quintic_bspline,2025.000000,613.000000,1600000.000000,1600000.000000,4.873482,102.351143,0.000441,107.225066,107.606257,0.415514,15.632459,14.921884,14.869024
quad8_tex8_rgb_linear_direct_zoom,quad8,tex8_rgb,linear,2025.000000,613.000000,1600000.000000,1600000.000000,14.048669,81.345976,0.000291,95.394936,95.759585,0.144142,19.669074,16.772379,16.708510
quad8_tex8_rgb_cubic_catmull_rom_lut_lerp_zoom,quad8,tex8_rgb,cubic_catmull_rom,2025.000000,613.000000,1600000.000000,1600000.000000,14.727231,122.944439,0.000451,137.672121,138.231103,0.137500,13.014009,11.621816,11.574819
quad8_tex8_rgb_cubic_mitchell_netravali_lut_lerp_zoom,quad8,tex8_rgb,cubic_mitchell_netravali,2025.000000,613.000000,1600000.000000,1600000.000000,12.709238,111.102345,0.000171,123.811754,124.178877,0.159333,14.401136,12.922844,12.884639
quad8_tex8_rgb_lanczos3_lut_lerp_zoom,quad8,tex8_rgb,lanczos3,2025.000000,613.000000,1600000.000000,1600000.000000,11.933278,128.454422,0.000411,140.388111,140.705710,0.169694,12.455780,11.396976,11.371251
quad8_tex8_rgb_cubic_bspline_lut_lerp_zoom,quad8,tex8_rgb,cubic_bspline,2025.000000,613.000000,1600000.000000,1600000.000000,12.370208,105.079868,0.000450,117.450526,117.808142,0.163700,15.226513,13.622757,13.581404
quad8_tex8_rgb_quintic_bspline_lut_lerp_zoom,quad8,tex8_rgb,quintic_bspline,2025.000000,613.000000,1600000.000000,1600000.000000,12.088026,128.256311,0.000251,140.344588,140.677485,0.167521,12.475020,11.400511,11.373533
quad8_texfunc_grey_param_constant_zoom,quad8,texfunc_grey,constant,2025.000000,613.000000,1600000.000000,1600000.000000,4.795101,66.390506,0.000310,71.185917,71.368548,0.422306,24.099831,22.476356,22.418839
quad8_texfunc_grey_uv_constant_zoom,quad8,texfunc_grey,constant,2025.000000,613.000000,1600000.000000,1600000.000000,5.151125,68.099275,0.000521,73.250921,73.591745,0.393118,23.495111,21.842729,21.741569
quad8_texfunc_grey_param_sinusoidal_zoom,quad8,texfunc_grey,sinusoidal,2025.000000,613.000000,1600000.000000,1600000.000000,4.603604,97.515662,0.000231,102.119497,102.299441,0.439873,16.407621,15.667919,15.640359
quad8_texfunc_grey_uv_sinusoidal_zoom,quad8,texfunc_grey,sinusoidal,2025.000000,613.000000,1600000.000000,1600000.000000,4.702543,88.199875,0.000380,92.902798,93.258232,0.430618,18.140615,17.222302,17.156662
quad8_texfunc_rgb_param_constant_zoom,quad8,texfunc_rgb,constant,2025.000000,613.000000,1600000.000000,1600000.000000,13.566912,74.603796,0.000391,88.171099,88.368930,0.149260,21.446630,18.146536,18.105911
quad8_texfunc_rgb_uv_constant_zoom,quad8,texfunc_rgb,constant,2025.000000,613.000000,1600000.000000,1600000.000000,13.709828,75.026126,0.000350,88.736304,89.076317,0.147704,21.325905,18.030952,17.962126
quad8_texfunc_rgb_param_sinusoidal_zoom,quad8,texfunc_rgb,sinusoidal,2025.000000,613.000000,1600000.000000,1600000.000000,13.055652,123.132956,0.000341,136.188949,136.470129,0.155105,12.994084,11.748383,11.724177
quad8_texfunc_rgb_uv_sinusoidal_zoom,quad8,texfunc_rgb,sinusoidal,2025.000000,613.000000,1600000.000000,1600000.000000,12.951281,109.525414,0.000271,122.476966,122.828011,0.156355,14.608482,13.063681,13.026345
quad9_nodal_grey_zoom,quad9,nodal_grey,nodal,2025.000000,613.000000,1600000.000000,1600000.000000,4.392078,60.749681,0.000451,65.142210,65.311053,0.461057,26.337587,24.561648,24.498150
quad9_nodal_grey_zoom,quad9,nodal_grey,nodal,2025.000000,613.000000,1600000.000000,1600000.000000,4.426614,63.817857,0.000361,68.244832,68.423365,0.457460,25.071353,23.444999,23.383825
quad9_nodal_grey_zoom,quad9,nodal_grey,nodal,2025.000000,613.000000,1600000.000000,1600000.000000,4.429489,61.178133,0.000561,65.608183,65.775704,0.457163,26.153135,24.387202,24.325091
quad9_nodal_grey_zoom,quad9,nodal_grey,nodal,2025.000000,613.000000,1600000.000000,1600000.000000,4.444508,60.858138,0.000161,65.302807,65.481971,0.455618,26.290650,24.501244,24.434206
quad9_nodal_grey_zoom,quad9,nodal_grey,nodal,2025.000000,613.000000,1600000.000000,1600000.000000,6.908347,64.180463,0.000241,71.089051,71.282351,0.293124,24.929705,22.506982,22.445949
quad9_nodal_grey_zoom,quad9,nodal_grey,nodal,2025.000000,613.000000,1600000.000000,1600000.000000,6.084986,64.478234,0.000370,70.563590,70.751532,0.332786,24.814575,22.674583,22.614351
quad9_nodal_rgb_zoom,quad9,nodal_rgb,nodal,2025.000000,613.000000,1600000.000000,1600000.000000,12.491920,67.958112,0.000120,80.450152,80.634807,0.162105,23.543915,19.888092,19.842548
quad9_nodal_rgb_zoom,quad9,nodal_rgb,nodal,2025.000000,613.000000,1600000.000000,1600000.000000,12.089358,69.431638,0.000260,81.521256,81.709027,0.167503,23.044250,19.626783,19.581680
quad9_nodal_rgb_zoom,quad9,nodal_rgb,nodal,2025.000000,613.000000,1600000.000000,1600000.000000,12.038469,66.792585,0.000201,78.831255,79.015539,0.168211,23.954755,20.296518,20.249182
quad9_nodal_rgb_zoom,quad9,nodal_rgb,nodal,2025.000000,613.000000,1600000.000000,1600000.000000,12.105900,71.506139,0.000250,83.612289,83.810790,0.167274,22.375701,19.135943,19.090621
quad9_nodal_rgb_zoom,quad9,nodal_rgb,nodal,2025.000000,613.000000,1600000.000000,1600000.000000,12.137240,70.021419,0.000381,82.159040,82.357571,0.166842,22.850151,19.474424,19.427479
quad9_nodal_rgb_zoom,quad9,nodal_rgb,nodal,2025.000000,613.000000,1600000.000000,1600000.000000,12.348646,67.805338,0.000491,80.154475,80.338847,0.163986,23.596962,19.961456,19.915646
quad9_tex8_grey_linear_direct_zoom,quad9,tex8_grey,linear,2025.000000,613.000000,1600000.000000,1600000.000000,5.288197,73.606459,0.000722,78.895378,79.305805,0.382928,21.737223,20.280022,20.175068
quad9_tex8_grey_cubic_catmull_rom_lut_lerp_zoom,quad9,tex8_grey,cubic_catmull_rom,2025.000000,613.000000,1600000.000000,1600000.000000,4.466571,87.024014,0.000300,91.490885,91.842110,0.453368,18.385730,17.488081,17.421203
quad9_tex8_grey_cubic_mitchell_netravali_lut_lerp_zoom,quad9,tex8_grey,cubic_mitchell_netravali,2025.000000,613.000000,1600000.000000,1600000.000000,4.499514,86.782903,0.000260,91.282677,91.634221,0.450049,18.436811,17.527970,17.460726
quad9_tex8_grey_lanczos3_lut_lerp_zoom,quad9,tex8_grey,lanczos3,2025.000000,613.000000,1600000.000000,1600000.000000,4.420261,98.323656,0.000311,102.744228,103.085433,0.458118,16.272788,15.572651,15.521107
quad9_tex8_grey_cubic_bspline_lut_lerp_zoom,quad9,tex8_grey,cubic_bspline,2025.000000,613.000000,1600000.000000,1600000.000000,4.491699,91.755763,0.000490,96.247952,96.605269,0.450832,17.437597,16.623730,16.562244
quad9_tex8_grey_quintic_bspline_lut_lerp_zoom,quad9,tex8_grey,quintic_bspline,2025.000000,613.000000,1600000.000000,1600000.000000,4.499905,106.717742,0.000360,111.218007,111.577057,0.450010,14.992821,14.386160,14.339866
quad9_tex8_rgb_linear_direct_zoom,quad9,tex8_rgb,linear,2025.000000,613.000000,1600000.000000,1600000.000000,11.902559,78.521709,0.000251,90.424519,90.801662,0.170131,20.376531,17.694316,17.620823
quad9_tex8_rgb_cubic_catmull_rom_lut_lerp_zoom,quad9,tex8_rgb,cubic_catmull_rom,2025.000000,613.000000,1600000.000000,1600000.000000,12.091019,103.087396,0.000150,115.178565,115.550660,0.167480,15.520811,13.891474,13.846740
quad9_tex8_rgb_cubic_mitchell_netravali_lut_lerp_zoom,quad9,tex8_rgb,cubic_mitchell_netravali,2025.000000,613.000000,1600000.000000,1600000.000000,13.803075,108.463100,0.000260,122.266435,122.634061,0.146706,14.751561,13.086175,13.046946
quad9_tex8_rgb_lanczos3_lut_lerp_zoom,quad9,tex8_rgb,lanczos3,2025.000000,613.000000,1600000.000000,1600000.000000,12.099286,130.263882,0.000140,142.363308,142.730834,0.167365,12.282760,11.238851,11.209911
quad9_tex8_rgb_cubic_bspline_lut_lerp_zoom,quad9,tex8_rgb,cubic_bspline,2025.000000,613.000000,1600000.000000,1600000.000000,12.236350,102.894445,0.000290,115.131085,115.485966,0.165491,15.549916,13.897202,13.854497
quad9_tex8_rgb_quintic_bspline_lut_lerp_zoom,quad9,tex8_rgb,quintic_bspline,2025.000000,613.000000,1600000.000000,1600000.000000,12.275363,135.477574,0.000140,147.753077,148.126997,0.164965,11.810073,10.828878,10.801542
quad9_texfunc_grey_param_constant_zoom,quad9,texfunc_grey,constant,2025.000000,613.000000,1600000.000000,1600000.000000,4.667736,67.547290,0.000181,72.215207,72.393028,0.433829,23.687109,22.155998,22.101576
quad9_texfunc_grey_uv_constant_zoom,quad9,texfunc_grey,constant,2025.000000,613.000000,1600000.000000,1600000.000000,4.506948,65.642244,0.000180,70.149372,70.485116,0.449306,24.374548,22.808472,22.699828
quad9_texfunc_grey_param_sinusoidal_zoom,quad9,texfunc_grey,sinusoidal,2025.000000,613.000000,1600000.000000,1600000.000000,4.693365,96.798596,0.000330,101.492291,101.673180,0.431460,16.529165,15.764744,15.736697
quad9_texfunc_grey_uv_sinusoidal_zoom,quad9,texfunc_grey,sinusoidal,2025.000000,613.000000,1600000.000000,1600000.000000,5.263390,90.966105,0.000511,96.230006,96.615094,0.384733,17.588969,16.626831,16.560559
quad9_texfunc_rgb_param_constant_zoom,quad9,texfunc_rgb,constant,2025.000000,613.000000,1600000.000000,1600000.000000,12.272678,72.755622,0.000271,85.028571,85.207676,0.165001,21.991428,18.817204,18.777651
quad9_texfunc_rgb_uv_constant_zoom,quad9,texfunc_rgb,constant,2025.000000,613.000000,1600000.000000,1600000.000000,12.121719,73.330175,0.000281,85.452175,85.807126,0.167056,21.819122,18.723924,18.646470
quad9_texfunc_rgb_param_sinusoidal_zoom,quad9,texfunc_rgb,sinusoidal,2025.000000,613.000000,1600000.000000,1600000.000000,12.589497,120.885663,0.000170,133.475330,133.656969,0.160848,13.235647,11.987234,11.970943
quad9_texfunc_rgb_uv_sinusoidal_zoom,quad9,texfunc_rgb,sinusoidal,2025.000000,613.000000,1600000.000000,1600000.000000,12.885264,111.367851,0.000160,124.253275,124.624628,0.157156,14.366803,12.876924,12.838554
