212,250,254,253,425,426,427,428,429
250,214,251,254,430,431,432,426,433
254,251,215,252,432,434,435,436,437
253,254,252,213,427,436,438,439,440
220,255,259,258,441,442,443,444,445
255,10,256,259,446,447,448,442,449
259,256,24,257,448,450,451,452,453
258,259,257,223,443,452,454,455,456
96,260,264,263,457,458,459,460,461
260,221,261,264,462,463,464,458,465
264,261,226,262,464,466,467,468,469
263,264,262,218,459,468,470,471,472
219,265,267,266,473,474,475,476,477
265,94,95,267,478,198,479,474,480
267,95,96,263,479,199,460,481,482
266,267,263,218,475,481,471,483,484
4,268,270,3,485,486,487,107,488
268,227,269,270,489,490,491,486,492
270,269,0,1,491,493,104,494,495
3,270,1,2,487,494,105,106,496
212,271,274,273,497,498,499,500,501
271,88,89,274,502,192,503,498,504
274,89,90,272,503,193,505,506,507
273,274,272,229,499,506,508,509,510
32,33,276,31,136,511,512,135,513
33,34,275,276,137,514,515,511,516
276,275,28,29,515,517,132,518,519
31,276,29,30,512,518,133,134,520
226,277,281,280,521,522,523,524,525
277,237,278,281,526,527,528,522,529
281,278,225,279,528,530,531,532,533
280,281,279,236,523,532,534,535,536
238,282,286,285,537,538,539,540,541
282,231,283,286,542,543,544,538,545
286,283,219,284,544,546,547,548,549
285,286,284,236,539,548,550,551,552
66,67,288,287,170,553,554,555,556
67,68,69,288,171,172,557,553,558
288,69,70,71,557,173,174,559,560
287,288,71,72,554,559,175,561,562
226,280,289,262,524,563,564,467,565
280,236,284,289,535,550,566,563,567
289,284,219,266,566,547,476,568,569
262,289,266,218,564,568,483,470,570
10,11,291,256,114,571,572,447,573
11,12,290,291,115,574,575,571,576
291,290,22,23,575,577,126,578,579
256,291,23,24,572,578,127,450,580
18,19,293,17,122,581,582,121,583
19,20,292,293,123,584,585,581,586
293,292,14,15,585,587,118,588,589
17,293,15,16,582,588,119,120,590
12,13,294,290,116,591,592,574,593
13,14,292,294,117,587,594,591,595
294,292,20,21,594,584,124,596,597
290,294,21,22,592,596,125,577,598
235,295,298,297,599,600,601,602,603
295,228,296,298,604,605,606,600,607
298,296,6,7,606,608,110,609,610
297,298,7,8,601,609,111,611,612
10,255,300,9,446,613,614,113,615
255,220,299,300,441,616,617,613,618
300,299,235,297,617,619,602,620,621
9,300,297,8,614,620,611,112,622
237,301,303,278,623,624,625,527,626
301,44,45,303,627,148,628,624,629
303,45,46,302,628,149,630,631,632
278,303,302,225,625,631,633,530,634
217,304,308,307,635,636,637,638,639
304,216,305,308,640,641,642,636,643
308,305,233,306,642,644,645,646,647
307,308,306,215,637,646,648,649,650
222,309,311,310,651,652,653,654,655
309,221,260,311,656,462,657,652,658
311,260,96,97,657,457,200,659,660
310,311,97,98,653,659,201,661,662
213,312,313,253,663,664,665,439,666
312,86,87,313,667,190,668,664,669
313,87,88,271,668,191,502,670,671
253,313,271,212,665,670,497,428,672
224,314,316,315,673,674,675,676,677
314,238,285,316,678,540,679,674,680
316,285,236,279,679,551,534,681,682
315,316,279,225,675,681,531,683,684
211,317,320,319,685,686,687,688,689
317,82,83,320,690,186,691,686,692
320,83,84,318,691,187,693,694,695
319,320,318,210,687,694,696,697,698
244,321,325,324,699,700,701,702,703
321,245,322,325,704,705,706,700,707
325,322,240,323,706,708,709,710,711
324,325,323,222,701,710,712,713,714
242,326,330,329,715,716,717,718,719
326,241,327,330,720,721,722,716,723
330,327,214,328,722,724,725,726,727
329,330,328,230,717,726,728,729,730
210,331,333,332,731,732,733,734,735
331,213,252,333,736,438,737,732,738
333,252,215,306,737,435,648,739,740
332,333,306,233,733,739,645,741,742
214,250,335,328,430,743,744,725,745
250,212,273,335,425,500,746,743,747
335,273,229,334,746,509,748,749,750
328,335,334,230,744,749,751,728,752
243,336,338,337,753,754,755,756,757
336,80,81,338,758,184,759,754,760
338,81,82,317,759,185,690,761,762
337,338,317,211,755,761,685,763,764
233,339,341,332,765,766,767,741,768
339,232,340,341,769,770,771,766,772
341,340,211,319,771,773,688,774,775
332,341,319,210,767,774,697,734,776
247,342,344,343,777,778,779,780,781
342,243,337,344,782,756,783,778,784
344,337,211,340,783,763,773,785,786
343,344,340,232,779,785,770,787,788
247,343,348,347,780,789,790,791,792
343,232,345,348,787,793,794,789,795
348,345,234,346,794,796,797,798,799
347,348,346,58,790,798,800,801,802
229,349,351,334,803,804,805,748,806
349,231,282,351,807,542,808,804,809
351,282,238,350,808,537,810,811,812
334,351,350,230,805,811,813,751,814
241,352,353,327,815,816,817,721,818
352,217,307,353,819,638,820,816,821
353,307,215,251,820,649,434,822,823
327,353,251,214,817,822,431,724,824
102,103,356,101,206,825,826,205,827
103,0,354,356,207,828,829,825,830
356,354,244,355,829,831,832,833,834
101,356,355,100,826,833,835,204,836
224,357,358,314,837,838,839,673,840
357,242,329,358,841,718,842,838,843
358,329,230,350,842,729,813,844,845
314,358,350,238,839,844,810,678,846
232,339,360,345,769,847,848,793,849
339,233,305,360,765,644,850,847,851
360,305,216,359,850,641,852,853,854
345,360,359,234,848,853,855,796,856
248,361,365,364,857,858,859,860,861
361,249,362,365,862,863,864,858,865
365,362,243,363,864,866,867,868,869
364,365,363,64,859,868,870,871,872
58,346,367,57,800,873,874,161,875
346,234,359,367,797,855,876,873,877
367,359,216,366,876,852,878,879,880
57,367,366,56,874,879,881,160,882
239,368,370,369,883,884,885,886,887
368,237,277,370,888,526,889,884,890
370,277,226,261,889,521,466,891,892
369,370,261,221,885,891,463,893,894
237,368,372,301,888,895,896,623,897
368,239,371,372,883,898,899,895,900
372,371,42,43,899,901,146,902,903
301,372,43,44,896,902,147,627,904
231,373,374,283,905,906,907,543,908
373,92,93,374,909,196,910,906,911
374,93,94,265,910,197,478,912,913
283,374,265,219,907,912,473,546,914
224,375,377,357,915,916,917,837,918
375,48,49,377,919,152,920,916,921
377,49,50,376,920,153,922,923,924
357,377,376,242,917,923,925,841,926
210,318,378,331,696,927,928,731,929
318,84,85,378,693,188,930,927,931
378,85,86,312,930,189,667,932,933
331,378,312,213,928,932,663,736,934
229,272,379,349,508,935,936,803,937
272,90,91,379,505,194,938,935,939
379,91,92,373,938,195,909,940,941
349,379,373,231,936,940,905,807,942
242,376,381,326,925,943,944,715,945
376,50,51,381,922,154,946,943,947
381,51,52,380,946,155,948,949,950
326,381,380,241,944,949,951,720,952
239,369,383,382,886,953,954,955,956
369,221,309,383,893,656,957,953,958
383,309,222,323,957,651,712,959,960
382,383,323,240,954,959,709,961,962
100,355,384,99,835,963,964,203,965
355,244,324,384,832,702,966,963,967
384,324,222,310,966,713,654,968,969
99,384,310,98,964,968,661,202,970
225,302,385,315,633,971,972,683,973
302,46,47,385,630,150,974,971,975
385,47,48,375,974,151,919,976,977
315,385,375,224,972,976,915,676,978
241,380,387,352,951,979,980,815,981
380,52,53,387,948,156,982,979,983
387,53,54,386,982,157,984,985,986
352,387,386,217,980,985,987,819,988
34,35,390,275,138,989,990,514,991
35,36,388,390,139,992,993,989,994
390,388,208,389,993,995,996,997,998
275,390,389,28,990,997,999,517,1000
209,391,393,392,1001,1002,1003,1004,1005
391,208,388,393,1006,995,1007,1002,1008
393,388,36,37,1007,992,140,1009,1010
392,393,37,38,1003,1009,141,1011,1012
209,394,395,391,1013,1014,1015,1001,1016
394,26,27,395,1017,130,1018,1014,1019
395,27,28,389,1018,131,999,1020,1021
391,395,389,208,1015,1020,996,1006,1022
244,354,397,321,831,1023,1024,699,1025
354,0,269,397,828,493,1026,1023,1027
397,269,227,396,1026,490,1028,1029,1030
321,397,396,245,1024,1029,1031,704,1032
240,322,400,399,708,1033,1034,1035,1036
322,245,396,400,705,1031,1037,1033,1038
400,396,227,398,1037,1028,1039,1040,1041
399,400,398,228,1034,1040,1042,1043,1044
76,401,404,75,1045,1046,1047,179,1048
401,246,402,404,1049,1050,1051,1046,1052
404,402,249,403,1051,1053,1054,1055,1056
75,404,403,74,1047,1055,1057,178,1058
220,405,407,299,1059,1060,1061,616,1062
405,42,371,407,1063,901,1064,1060,1065
407,371,239,406,1064,898,1066,1067,1068
299,407,406,235,1061,1067,1069,619,1070
76,77,409,401,180,1071,1072,1045,1073
77,78,79,409,181,182,1074,1071,1075
409,79,80,408,1074,183,1076,1077,1078
401,409,408,246,1072,1077,1079,1049,1080
240,399,410,382,1035,1081,1082,961,1083
399,228,295,410,1043,604,1084,1081,1085
410,295,235,406,1084,599,1069,1086,1087
382,410,406,239,1082,1086,1066,955,1088
249,361,412,403,862,1089,1090,1054,1091
361,248,411,412,857,1092,1093,1089,1094
412,411,72,73,1093,1095,176,1096,1097
403,412,73,74,1090,1096,177,1057,1098
64,65,413,364,168,1099,1100,871,1101
65,66,287,413,169,555,1102,1099,1103
413,287,72,411,1102,561,1095,1104,1105
364,413,411,248,1100,1104,1092,860,1106
26,394,415,25,1017,1107,1108,129,1109
394,209,414,415,1013,1110,1111,1107,1112
415,414,223,257,1111,1113,454,1114,1115
25,415,257,24,1108,1114,451,128,1116
227,268,416,398,489,1117,1118,1039,1119
268,4,5,416,485,108,1120,1117,1121
416,5,6,296,1120,109,608,1122,1123
398,416,296,228,1118,1122,605,1042,1124
38,39,418,392,142,1125,1126,1011,1127
39,40,417,418,143,1128,1129,1125,1130
418,417,223,414,1129,1131,1113,1132,1133
392,418,414,209,1126,1132,1110,1004,1134
247,419,420,342,1135,1136,1137,777,1138
419,62,63,420,1139,166,1140,1136,1141
420,63,64,363,1140,167,870,1142,1143
342,420,363,243,1137,1142,867,782,1144
40,41,421,417,144,1145,1146,1128,1147
41,42,405,421,145,1063,1148,1145,1149
421,405,220,258,1148,1059,444,1150,1151
417,421,258,223,1146,1150,455,1131,1152
62,419,422,61,1139,1153,1154,165,1155
419,247,347,422,1135,791,1156,1153,1157
422,347,58,59,1156,801,162,1158,1159
61,422,59,60,1154,1158,163,164,1160
217,386,423,304,987,1161,1162,635,1163
386,54,55,423,984,158,1164,1161,1165
423,55,56,366,1164,159,881,1166,1167
304,423,366,216,1162,1166,878,640,1168
246,408,424,402,1079,1169,1170,1050,1171
408,80,336,424,1076,758,1172,1169,1173
424,336,243,362,1172,753,866,1174,1175
402,424,362,249,1170,1174,863,1053,1176
