84,130,134,133
130,85,131,134
134,131,68,132
133,134,132,86
91,129,138,137
129,78,135,138
138,135,90,136
137,138,136,70
92,139,142,141
139,93,140,142
142,140,26,27
141,142,27,28
40,41,144,39
41,42,43,144
144,43,44,143
39,144,143,38
94,145,148,147
145,95,146,148
148,146,14,15
147,148,15,16
89,149,152,151
149,88,150,152
152,150,56,57
151,152,57,58
4,153,155,3
153,98,154,155
155,154,0,1
3,155,1,2
48,156,159,47
156,100,157,159
159,157,36,158
47,159,158,46
103,160,164,163
160,101,161,164
164,161,104,162
163,164,162,102
52,165,167,51
165,105,166,167
167,166,48,49
51,167,49,50
107,168,171,170
168,62,63,171
171,63,64,169
170,171,169,96
95,172,174,146
172,111,173,174
174,173,12,13
146,174,13,14
117,175,179,178
175,118,176,179
179,176,115,177
178,179,177,116
96,180,183,170
180,106,181,183
183,181,119,182
170,183,182,107
102,162,187,186
162,104,184,187
187,184,110,185
186,187,185,98
108,188,192,191
188,87,189,192
192,189,121,190
191,192,190,93
109,193,196,195
193,88,194,196
196,194,87,188
195,196,188,108
54,197,199,53
197,109,198,199
199,198,105,165
53,199,165,52
119,181,203,202
181,106,200,203
203,200,94,201
202,203,201,120
88,149,206,194
149,89,204,206
206,204,113,205
194,206,205,87
116,177,209,208
177,115,207,209
209,207,87,205
208,209,205,113
118,210,211,176
210,121,189,211
211,189,87,207
176,211,207,115
95,145,214,213
145,94,200,214
214,200,106,212
213,214,212,122
56,150,215,55
150,88,193,215
215,193,109,197
55,215,197,54
109,216,219,198
216,92,217,219
219,217,124,218
198,219,218,105
98,220,222,154
220,99,221,222
222,221,82,83
154,222,83,0
112,223,227,226
223,122,224,227
227,224,97,225
226,227,225,85
101,228,230,229
228,10,11,230
230,11,12,173
229,230,173,111
85,130,233,226
130,84,231,233
233,231,125,232
226,233,232,112
112,232,236,235
232,125,234,236
236,234,101,229
235,236,229,111
86,237,239,133
237,110,184,239
239,184,104,238
133,239,238,84
97,224,241,240
224,122,212,241
241,212,106,180
240,241,180,96
116,242,244,178
242,119,202,244
244,202,120,243
178,244,243,117
98,185,247,220
185,110,245,247
247,245,123,246
220,247,246,99
111,172,248,235
172,95,213,248
248,213,122,223
235,248,223,112
89,249,252,204
249,114,250,252
252,250,107,251
204,252,251,113
113,251,253,208
251,107,182,253
253,182,119,242
208,253,242,116
109,195,254,216
195,108,191,254
254,191,93,139
216,254,139,92
118,175,257,256
175,117,255,257
257,255,20,21
256,257,21,22
97,258,259,225
258,66,67,259
259,67,68,131
225,259,131,85
114,249,261,260
249,89,151,261
261,151,58,59
260,261,59,60
90,262,264,263
262,123,245,264
264,245,110,237
263,264,237,86
117,243,266,255
243,120,265,266
266,265,18,19
255,266,19,20
96,169,267,240
169,64,65,267
267,65,66,258
240,267,258,97
120,201,268,265
201,94,147,268
268,147,16,17
265,268,17,18
107,250,269,168
250,114,260,269
269,260,60,61
168,269,61,62
121,210,271,270
210,118,256,271
271,256,22,23
270,271,23,24
93,190,272,140
190,121,270,272
272,270,24,25
140,272,25,26
8,9,274,273
9,10,228,274
274,228,101,160
273,274,160,103
84,238,275,231
238,104,161,275
275,161,101,234
231,275,234,125
8,273,277,7
273,103,163,277
277,163,102,276
7,277,276,6
98,153,278,186
153,4,5,278
278,5,6,276
186,278,276,102
70,71,279,137
71,72,127,279
279,127,76,128
137,279,128,91
124,280,284,283
280,30,281,284
284,281,126,282
283,284,282,100
34,35,286,285
35,36,157,286
286,157,100,282
285,286,282,126
34,285,287,33
285,126,281,287
287,281,30,31
33,287,31,32
78,79,289,135
79,80,288,289
289,288,123,262
135,289,262,90
99,246,290,221
246,123,288,290
290,288,80,81
221,290,81,82
86,132,291,263
132,68,69,291
291,69,70,136
263,291,136,90
92,141,292,217
141,28,29,292
292,29,30,280
217,292,280,124
100,156,293,283
156,48,166,293
293,166,105,218
283,293,218,124
46,158,294,45
158,36,37,294
294,37,38,143
45,294,143,44
74,75,295,73
75,76,127,295
73,295,127,72
91,128,296,129
128,76,77,296
129,296,77,78
