108,146,150,149
146,110,147,150
150,147,111,148
149,150,148,109
116,151,155,154
151,10,152,155
155,152,24,153
154,155,153,119
96,156,160,159
156,117,157,160
160,157,122,158
159,160,158,114
115,161,163,162
161,94,95,163
163,95,96,159
162,163,159,114
4,164,166,3
164,123,165,166
166,165,0,1
3,166,1,2
108,167,170,169
167,88,89,170
170,89,90,168
169,170,168,125
32,33,172,31
33,34,171,172
172,171,28,29
31,172,29,30
122,173,177,176
173,133,174,177
177,174,121,175
176,177,175,132
134,178,182,181
178,127,179,182
182,179,115,180
181,182,180,132
66,67,184,183
67,68,69,184
184,69,70,71
183,184,71,72
122,176,185,158
176,132,180,185
185,180,115,162
158,185,162,114
10,11,187,152
11,12,186,187
187,186,22,23
152,187,23,24
18,19,189,17
19,20,188,189
189,188,14,15
17,189,15,16
12,13,190,186
13,14,188,190
190,188,20,21
186,190,21,22
131,191,194,193
191,124,192,194
194,192,6,7
193,194,7,8
10,151,196,9
151,116,195,196
196,195,131,193
9,196,193,8
133,197,199,174
197,44,45,199
199,45,46,198
174,199,198,121
113,200,204,203
200,112,201,204
204,201,129,202
203,204,202,111
118,205,207,206
205,117,156,207
207,156,96,97
206,207,97,98
109,208,209,149
208,86,87,209
209,87,88,167
149,209,167,108
120,210,212,211
210,134,181,212
212,181,132,175
211,212,175,121
107,213,216,215
213,82,83,216
216,83,84,214
215,216,214,106
140,217,221,220
217,141,218,221
221,218,136,219
220,221,219,118
138,222,226,225
222,137,223,226
226,223,110,224
225,226,224,126
106,227,229,228
227,109,148,229
229,148,111,202
228,229,202,129
110,146,231,224
146,108,169,231
231,169,125,230
224,231,230,126
139,232,234,233
232,80,81,234
234,81,82,213
233,234,213,107
129,235,237,228
235,128,236,237
237,236,107,215
228,237,215,106
143,238,240,239
238,139,233,240
240,233,107,236
239,240,236,128
143,239,244,243
239,128,241,244
244,241,130,242
243,244,242,58
125,245,247,230
245,127,178,247
247,178,134,246
230,247,246,126
137,248,249,223
248,113,203,249
249,203,111,147
223,249,147,110
102,103,252,101
103,0,250,252
252,250,140,251
101,252,251,100
120,253,254,210
253,138,225,254
254,225,126,246
210,254,246,134
128,235,256,241
235,129,201,256
256,201,112,255
241,256,255,130
144,257,261,260
257,145,258,261
261,258,139,259
260,261,259,64
58,242,263,57
242,130,255,263
263,255,112,262
57,263,262,56
135,264,266,265
264,133,173,266
266,173,122,157
265,266,157,117
133,264,268,197
264,135,267,268
268,267,42,43
197,268,43,44
127,269,270,179
269,92,93,270
270,93,94,161
179,270,161,115
120,271,273,253
271,48,49,273
273,49,50,272
253,273,272,138
106,214,274,227
214,84,85,274
274,85,86,208
227,274,208,109
125,168,275,245
168,90,91,275
275,91,92,269
245,275,269,127
138,272,277,222
272,50,51,277
277,51,52,276
222,277,276,137
135,265,279,278
265,117,205,279
279,205,118,219
278,279,219,136
100,251,280,99
251,140,220,280
280,220,118,206
99,280,206,98
121,198,281,211
198,46,47,281
281,47,48,271
211,281,271,120
137,276,283,248
276,52,53,283
283,53,54,282
248,283,282,113
34,35,286,171
35,36,284,286
286,284,104,285
171,286,285,28
105,287,289,288
287,104,284,289
289,284,36,37
288,289,37,38
105,290,291,287
290,26,27,291
291,27,28,285
287,291,285,104
140,250,293,217
250,0,165,293
293,165,123,292
217,293,292,141
136,218,296,295
218,141,292,296
296,292,123,294
295,296,294,124
76,297,300,75
297,142,298,300
300,298,145,299
75,300,299,74
116,301,303,195
301,42,267,303
303,267,135,302
195,303,302,131
76,77,305,297
77,78,79,305
305,79,80,304
297,305,304,142
136,295,306,278
295,124,191,306
306,191,131,302
278,306,302,135
145,257,308,299
257,144,307,308
308,307,72,73
299,308,73,74
64,65,309,260
65,66,183,309
309,183,72,307
260,309,307,144
26,290,311,25
290,105,310,311
311,310,119,153
25,311,153,24
123,164,312,294
164,4,5,312
312,5,6,192
294,312,192,124
38,39,314,288
39,40,313,314
314,313,119,310
288,314,310,105
143,315,316,238
315,62,63,316
316,63,64,259
238,316,259,139
40,41,317,313
41,42,301,317
317,301,116,154
313,317,154,119
62,315,318,61
315,143,243,318
318,243,58,59
61,318,59,60
113,282,319,200
282,54,55,319
319,55,56,262
200,319,262,112
142,304,320,298
304,80,232,320
320,232,139,258
298,320,258,145
